    a    b    c    d    e    f    g    h    i    j    k    l    m    n    o    p    q    r    s    t    u    v    w    x    y    z    A    B    C    D    E    F    G    H    I    J    K    L    M    N    O    P    Q    R    S    T    U    V    W    X    Y    Z    0    1    2    3    4    5    6    7    8    9    =    !    >    <    ;    ,    (    )    {    }    +    -    *    /    |    .
    ßA    A        -----------------------------------------------------------    ----------------------------------------------------------    ---------------------------------------------------------    --------------------------------------------------------    -------------------------------------------------------    ------------------------------------------------------    -----------------------------------------------------    ----------------------------------------------------    ---------------------------------------------------    --------------------------------------------------    -------------------------------------------------    ------------------------------------------------    -----------------------------------------------    ----------------------------------------------    ---------------------------------------------    --------------------------------------------    -------------------------------------------    ------------------------------------------    -----------------------------------------    ----------------------------------------    ---------------------------------------    --------------------------------------    -------------------------------------    ßA    A        ßA    ßA    A        ßA    ßA    A        ´ßA    ßA    A        vßA    ßA    A        ’ßA    ßA    A        ®ßA    ßA    A    <×A    ×A    A        ×A    ×A    A        dßA    ßA    ßA    ÖA    A    ßA        a×A    ×A    ×A    ------------------------------------    ----------------------------------        ×A    A        -----------------------------------    A    
1    2    3    2    2    6    7    2    2    10    2    2    2    2    2    2    2    2    2    2    2    2    2    24    2    2    2    2    2    2    2    2    2    2    2    2    2    2    2    2    2    2    2    2    2    2    2    2    2    2    2    2    2    54    54    54    54    54    54    54    54    54    54    64    65    66    66    68    68    68    68    68    68    74    74    76    76    76    -1    
2    2    2    2    2    2    2    2    2    2    2    2    2    2    2    2    2    2    2    2    2    2    2    2    2    2    2    2    2    2    2    2    2    2    2    2    2    2    2    2    2    2    2    2    2    2    2    2    2    2    2    2    2    2    2    2    2    2    2    2    2    2    2    -1    -1    -1    -1    -1    -1    -1    -1    -1    -1    -1    -1    -1    -1    -1    -1    
3    2    2    2    2    2    2    2    2    2    2    2    2    2    2    155    2    2    2    2    2    2    2    2    2    2    2    2    2    2    2    2    2    2    2    2    2    2    2    2    2    2    2    2    2    2    2    2    2    2    2    2    2    2    2    2    2    2    2    2    2    2    2    -1    -1    -1    -1    -1    -1    -1    -1    -1    -1    -1    -1    -1    -1    -1    -1    
6    2    2    2    2    2    2    2    2    2    2    2    214    2    2    2    2    2    2    2    2    2    2    2    2    2    2    2    2    2    2    2    2    2    2    2    2    2    2    2    2    2    2    2    2    2    2    2    2    2    2    2    2    2    2    2    2    2    2    2    2    2    2    -1    -1    -1    -1    -1    -1    -1    -1    -1    -1    -1    -1    -1    -1    -1    -1    
7    2    2    2    2    2    2    2    2    2    2    2    276    2    2    2    2    2    2    2    2    2    2    2    2    2    2    2    2    2    2    2    2    2    2    2    2    2    2    2    2    2    2    2    2    2    2    2    2    2    2    2    2    2    2    2    2    2    2    2    2    2    2    -1    -1    -1    -1    -1    -1    -1    -1    -1    -1    -1    -1    -1    -1    -1    -1    
10    2    2    2    2    2    332    2    2    2    2    2    2    2    340    2    2    2    2    2    2    2    2    2    2    2    2    2    2    2    2    2    2    2    2    2    2    2    2    2    2    2    2    2    2    2    2    2    2    2    2    2    2    2    2    2    2    2    2    2    2    2    2    -1    -1    -1    -1    -1    -1    -1    -1    -1    -1    -1    -1    -1    -1    -1    -1    
24    2    2    2    2    2    2    2    396    2    2    2    2    2    2    2    2    2    2    2    2    2    2    2    2    2    2    2    2    2    2    2    2    2    2    2    2    2    2    2    2    2    2    2    2    2    2    2    2    2    2    2    2    2    2    2    2    2    2    2    2    2    2    -1    -1    -1    -1    -1    -1    -1    -1    -1    -1    -1    -1    -1    -1    -1    -1    
54    -1    -1    -1    -1    -1    -1    -1    -1    -1    -1    -1    -1    -1    -1    -1    -1    -1    -1    -1    -1    -1    -1    -1    -1    -1    -1    -1    -1    -1    -1    -1    -1    -1    -1    -1    -1    -1    -1    -1    -1    -1    -1    -1    -1    -1    -1    -1    -1    -1    -1    -1    -1    54    54    54    54    54    54    54    54    54    54    -1    -1    -1    -1    -1    -1    -1    -1    -1    -1    -1    -1    -1    -1    -1    461    
64    -1    -1    -1    -1    -1    -1    -1    -1    -1    -1    -1    -1    -1    -1    -1    -1    -1    -1    -1    -1    -1    -1    -1    -1    -1    -1    -1    -1    -1    -1    -1    -1    -1    -1    -1    -1    -1    -1    -1    -1    -1    -1    -1    -1    -1    -1    -1    -1    -1    -1    -1    -1    -1    -1    -1    -1    -1    -1    -1    -1    -1    -1    462    -1    -1    -1    -1    -1    -1    -1    -1    -1    -1    -1    -1    -1    -1    -1    
65    -1    -1    -1    -1    -1    -1    -1    -1    -1    -1    -1    -1    -1    -1    -1    -1    -1    -1    -1    -1    -1    -1    -1    -1    -1    -1    -1    -1    -1    -1    -1    -1    -1    -1    -1    -1    -1    -1    -1    -1    -1    -1    -1    -1    -1    -1    -1    -1    -1    -1    -1    -1    -1    -1    -1    -1    -1    -1    -1    -1    -1    -1    462    -1    -1    -1    -1    -1    -1    -1    -1    -1    -1    -1    -1    -1    -1    -1    
66    -1    -1    -1    -1    -1    -1    -1    -1    -1    -1    -1    -1    -1    -1    -1    -1    -1    -1    -1    -1    -1    -1    -1    -1    -1    -1    -1    -1    -1    -1    -1    -1    -1    -1    -1    -1    -1    -1    -1    -1    -1    -1    -1    -1    -1    -1    -1    -1    -1    -1    -1    -1    -1    -1    -1    -1    -1    -1    -1    -1    -1    -1    462    -1    -1    -1    -1    -1    -1    -1    -1    -1    -1    -1    -1    -1    -1    -1    
68    -1    -1    -1    -1    -1    -1    -1    -1    -1    -1    -1    -1    -1    -1    -1    -1    -1    -1    -1    -1    -1    -1    -1    -1    -1    -1    -1    -1    -1    -1    -1    -1    -1    -1    -1    -1    -1    -1    -1    -1    -1    -1    -1    -1    -1    -1    -1    -1    -1    -1    -1    -1    -1    -1    -1    -1    -1    -1    -1    -1    -1    -1    -1    -1    -1    -1    -1    -1    -1    -1    -1    -1    -1    -1    -1    -1    -1    -1    
74    -1    -1    -1    -1    -1    -1    -1    -1    -1    -1    -1    -1    -1    -1    -1    -1    -1    -1    -1    -1    -1    -1    -1    -1    -1    -1    -1    -1    -1    -1    -1    -1    -1    -1    -1    -1    -1    -1    -1    -1    -1    -1    -1    -1    -1    -1    -1    -1    -1    -1    -1    -1    -1    -1    -1    -1    -1    -1    -1    -1    -1    -1    -1    -1    -1    -1    -1    -1    -1    -1    -1    -1    -1    -1    -1    -1    -1    -1    
2    2    2    2    2    2    2    2    2    2    2    2    2    2    2    2    2    2    2    2    2    2    2    2    2    2    2    2    2    2    2    2    2    2    2    2    2    2    2    2    2    2    2    2    2    2    2    2    2    2    2    2    2    2    2    2    2    2    2    2    2    2    2    -1    -1    -1    -1    -1    -1    -1    -1    -1    -1    -1    -1    -1    -1    -1    -1    
155    2    2    2    2    2    2    2    2    2    2    2    2    2    2    604    2    2    2    2    2    2    2    2    2    2    2    2    2    2    2    2    2    2    2    2    2    2    2    2    2    2    2    2    2    2    2    2    2    2    2    2    2    2    2    2    2    2    2    2    2    2    2    -1    -1    -1    -1    -1    -1    -1    -1    -1    -1    -1    -1    -1    -1    -1    -1    
214    2    2    2    2    2    2    2    2    2    2    2    2    2    2    2    2    2    2    670    2    2    2    2    2    2    2    2    2    2    2    2    2    2    2    2    2    2    2    2    2    2    2    2    2    2    2    2    2    2    2    2    2    2    2    2    2    2    2    2    2    2    2    -1    -1    -1    -1    -1    -1    -1    -1    -1    -1    -1    -1    -1    -1    -1    -1    
276    2    2    2    2    2    2    2    2    2    2    2    2    2    2    728    2    2    2    2    2    2    2    2    2    2    2    2    2    2    2    2    2    2    2    2    2    2    2    2    2    2    2    2    2    2    2    2    2    2    2    2    2    2    2    2    2    2    2    2    2    2    2    -1    -1    -1    -1    -1    -1    -1    -1    -1    -1    -1    -1    -1    -1    -1    -1    
332    2    2    2    2    2    2    2    2    2    2    2    2    2    2    2    2    2    2    2    2    2    2    2    2    2    2    2    2    2    2    2    2    2    2    2    2    2    2    2    2    2    2    2    2    2    2    2    2    2    2    2    2    2    2    2    2    2    2    2    2    2    2    -1    -1    -1    -1    -1    -1    -1    -1    -1    -1    -1    -1    -1    -1    -1    -1    
340    2    2    2    2    2    2    2    2    2    2    2    2    2    2    2    2    2    2    2    332    2    2    2    2    2    2    2    2    2    2    2    2    2    2    2    2    2    2    2    2    2    2    2    2    2    2    2    2    2    2    2    2    2    2    2    2    2    2    2    2    2    2    -1    -1    -1    -1    -1    -1    -1    -1    -1    -1    -1    -1    -1    -1    -1    -1    
396    2    2    2    2    2    2    2    2    908    2    2    2    2    2    2    2    2    2    2    2    2    2    2    2    2    2    2    2    2    2    2    2    2    2    2    2    2    2    2    2    2    2    2    2    2    2    2    2    2    2    2    2    2    2    2    2    2    2    2    2    2    2    -1    -1    -1    -1    -1    -1    -1    -1    -1    -1    -1    -1    -1    -1    -1    -1    
461    -1    -1    -1    -1    -1    -1    -1    -1    -1    -1    -1    -1    -1    -1    -1    -1    -1    -1    -1    -1    -1    -1    -1    -1    -1    -1    -1    -1    -1    -1    -1    -1    -1    -1    -1    -1    -1    -1    -1    -1    -1    -1    -1    -1    -1    -1    -1    -1    -1    -1    -1    -1    962    962    962    962    962    962    962    962    962    962    -1    -1    -1    -1    -1    -1    -1    -1    -1    -1    -1    -1    -1    -1    -1    -1    
462    -1    -1    -1    -1    -1    -1    -1    -1    -1    -1    -1    -1    -1    -1    -1    -1    -1    -1    -1    -1    -1    -1    -1    -1    -1    -1    -1    -1    -1    -1    -1    -1    -1    -1    -1    -1    -1    -1    -1    -1    -1    -1    -1    -1    -1    -1    -1    -1    -1    -1    -1    -1    -1    -1    -1    -1    -1    -1    -1    -1    -1    -1    -1    -1    -1    -1    -1    -1    -1    -1    -1    -1    -1    -1    -1    -1    -1    -1    
604    2    2    2    2    2    2    2    2    2    2    2    983    2    2    2    2    2    2    2    2    2    2    2    2    2    2    2    2    2    2    2    2    2    2    2    2    2    2    2    2    2    2    2    2    2    2    2    2    2    2    2    2    2    2    2    2    2    2    2    2    2    2    -1    -1    -1    -1    -1    -1    -1    -1    -1    -1    -1    -1    -1    -1    -1    -1    
670    2    2    2    2    332    2    2    2    2    2    2    2    2    2    2    2    2    2    2    2    2    2    2    2    2    2    2    2    2    2    2    2    2    2    2    2    2    2    2    2    2    2    2    2    2    2    2    2    2    2    2    2    2    2    2    2    2    2    2    2    2    2    -1    -1    -1    -1    -1    -1    -1    -1    -1    -1    -1    -1    -1    -1    -1    -1    
728    340    2    2    2    2    2    2    2    2    2    2    2    2    2    2    2    2    2    2    2    2    2    2    2    2    2    2    2    2    2    2    2    2    2    2    2    2    2    2    2    2    2    2    2    2    2    2    2    2    2    2    2    2    2    2    2    2    2    2    2    2    2    -1    -1    -1    -1    -1    -1    -1    -1    -1    -1    -1    -1    -1    -1    -1    -1    
908    2    2    2    2    2    2    2    2    2    2    2    670    2    2    2    2    2    2    2    2    2    2    2    2    2    2    2    2    2    2    2    2    2    2    2    2    2    2    2    2    2    2    2    2    2    2    2    2    2    2    2    2    2    2    2    2    2    2    2    2    2    2    -1    -1    -1    -1    -1    -1    -1    -1    -1    -1    -1    -1    -1    -1    -1    -1    
962    -1    -1    -1    -1    -1    -1    -1    -1    -1    -1    -1    -1    -1    -1    -1    -1    -1    -1    -1    -1    -1    -1    -1    -1    -1    -1    -1    -1    -1    -1    1230    -1    -1    -1    -1    -1    -1    -1    -1    -1    -1    -1    -1    -1    -1    -1    -1    -1    -1    -1    -1    -1    962    962    962    962    962    962    962    962    962    962    -1    -1    -1    -1    -1    -1    -1    -1    -1    -1    -1    -1    -1    -1    -1    -1    
670    2    2    2    2    332    2    2    2    2    2    2    2    2    2    2    2    2    2    2    2    2    2    2    2    2    2    2    2    2    2    2    2    2    2    2    2    2    2    2    2    2    2    2    2    2    2    2    2    2    2    2    2    2    2    2    2    2    2    2    2    2    2    -1    -1    -1    -1    -1    -1    -1    -1    -1    -1    -1    -1    -1    -1    -1    -1    
1230    -1    -1    -1    -1    -1    -1    -1    -1    -1    -1    -1    -1    -1    -1    -1    -1    -1    -1    -1    -1    -1    -1    -1    -1    -1    -1    -1    -1    -1    -1    -1    -1    -1    -1    -1    -1    -1    -1    -1    -1    -1    -1    -1    -1    -1    -1    -1    -1    -1    -1    -1    -1    1417    1417    1417    1417    1417    1417    1417    1417    1417    1417    -1    -1    -1    -1    -1    -1    -1    -1    -1    -1    -1    -1    -1    -1    -1    -1    
1235    1427    2    2    2    2    2    2    2    2    2    2    2    2    2    2    2    2    2    2    2    2    2    2    2    2    2    2    2    2    2    2    2    2    2    2    2    2    2    2    2    2    2    2    2    2    2    2    2    2    2    2    2    2    2    2    2    2    2    2    2    2    2    -1    -1    -1    -1    -1    -1    -1    -1    -1    -1    -1    -1    -1    -1    -1    -1    
1417    -1    -1    -1    -1    -1    -1    -1    -1    -1    -1    -1    -1    -1    -1    -1    -1    -1    -1    -1    -1    -1    -1    -1    -1    -1    -1    -1    -1    -1    -1    -1    -1    -1    -1    -1    -1    -1    -1    -1    -1    -1    -1    -1    -1    -1    -1    -1    -1    -1    -1    -1    -1    1417    1417    1417    1417    1417    1417    1417    1417    1417    1417    -1    -1    -1    -1    -1    -1    -1    -1    -1    -1    -1    -1    -1    -1    -1    -1    
1427    2    2    2    2    2    2    2    2    2    2    2    2    2    332    2    2    2    2    2    2    2    2    2    2    2    2    2    2    2    2    2    2    2    2    2    2    2    2    2    2    2    2    2    2    2    2    2    2    2    2    2    2    2    2    2    2    2    2    2    2    2    2    -1    -1    -1    -1    -1    -1    -1    -1    -1    -1    -1    -1    -1    -1    -1    -1    
